1 - 205 0 0
1 - 230 0 0
1 - 226 0 0
1 - 217 0 0
2 - 227 0 0
2 - 214 0 0
2 - 208 0 0
2 - 220 0 0
2 - 216 0 0
3 - 208 0 0
3 - 228 0 0
3 - 225 0 0
3 - 220 0 0
3 - 224 0 0
3 - 212 0 0
3 - 206 0 0
3 - 201 0 0
4 - 216 0 0
4 - 227 0 0
4 - 224 0 0
5 - 204 0 0
6 - 221 0 0
6 - 206 0 0
6 - 210 0 0
6 - 202 0 0
7 - 230 0 0
7 - 217 0 0
7 - 221 0 0
7 - 219 0 0
7 - 229 0 0
8 - 229 0 0
8 - 212 0 0
8 - 228 0 0
8 - 230 0 0
8 - 227 0 0
8 - 214 0 0
8 - 205 0 0
9 - 221 0 0
10 - 230 0 0
10 - 228 0 0
11 - 216 0 0
12 - 223 0 0
12 - 229 0 0
13 - 210 0 0
13 - 201 0 0
13 - 216 0 0
14 - 217 0 0
14 - 209 0 0
14 - 204 0 0
14 - 201 0 0
14 - 203 0 0
15 - 218 0 0
15 - 202 0 0
16 - 209 0 0
16 - 223 0 0
16 - 226 0 0
16 - 212 0 0
16 - 208 0 0
17 - 222 0 0
17 - 205 0 0
17 - 204 0 0
17 - 224 0 0
17 - 216 0 0
18 - 201 0 0
18 - 224 0 0
18 - 209 0 0
18 - 217 0 0
19 - 208 0 0
19 - 204 0 0
19 - 209 0 0
19 - 214 0 0
19 - 220 0 0
20 - 211 0 0
20 - 223 0 0
20 - 201 0 0
20 - 203 0 0
20 - 216 0 0
20 - 213 0 0
21 - 206 0 0
22 - 228 0 0
22 - 217 0 0
23 - 217 0 0
23 - 216 0 0
23 - 211 0 0
23 - 230 0 0
24 - 225 0 0
24 - 230 0 0
24 - 215 0 0
25 - 217 0 0
25 - 201 0 0
26 - 225 0 0
26 - 228 0 0
27 - 221 0 0
27 - 208 0 0
27 - 207 0 0
27 - 213 0 0
28 - 229 0 0
28 - 226 0 0
28 - 210 0 0
29 - 215 0 0
29 - 222 0 0
29 - 205 0 0
29 - 212 0 0
30 - 214 0 0
30 - 204 0 0
30 - 206 0 0
31 - 227 0 0
31 - 218 0 0
32 - 230 0 0
32 - 214 0 0
33 - 230 0 0
33 - 209 0 0
34 - 216 0 0
34 - 211 0 0
34 - 201 0 0
34 - 222 0 0
35 - 218 0 0
35 - 222 0 0
35 - 219 0 0
36 - 212 0 0
36 - 211 0 0
36 - 201 0 0
37 - 219 0 0
37 - 212 0 0
37 - 220 0 0
37 - 222 0 0
38 - 230 0 0
38 - 228 0 0
38 - 215 0 0
38 - 218 0 0
38 - 202 0 0
39 - 215 0 0
39 - 225 0 0
39 - 203 0 0
40 - 225 0 0
40 - 223 0 0
40 - 201 0 0
40 - 224 0 0
40 - 210 0 0
41 - 213 0 0
41 - 208 0 0
41 - 224 0 0
41 - 206 0 0
42 - 221 0 0
42 - 204 0 0
42 - 226 0 0
43 - 211 0 0
43 - 217 0 0
43 - 214 0 0
43 - 218 0 0
44 - 210 0 0
44 - 213 0 0
44 - 226 0 0
44 - 207 0 0
45 - 226 0 0
45 - 229 0 0
45 - 202 0 0
45 - 218 0 0
46 - 210 0 0
46 - 225 0 0
46 - 229 0 0
47 - 217 0 0
47 - 216 0 0
47 - 207 0 0
47 - 209 0 0
47 - 227 0 0
47 - 228 0 0
47 - 201 0 0
48 - 206 0 0
48 - 218 0 0
49 - 203 0 0
49 - 210 0 0
50 - 221 0 0
50 - 230 0 0
51 - 227 0 0
51 - 217 0 0
51 - 221 0 0
52 - 224 0 0
52 - 201 0 0
53 - 211 0 0
54 - 203 0 0
54 - 225 0 0
54 - 208 0 0
55 - 211 0 0
55 - 202 0 0
55 - 218 0 0
55 - 226 0 0
56 - 229 0 0
57 - 209 0 0
57 - 204 0 0
57 - 216 0 0
57 - 223 0 0
57 - 212 0 0
57 - 210 0 0
58 - 209 0 0
58 - 215 0 0
58 - 228 0 0
58 - 213 0 0
59 - 224 0 0
59 - 223 0 0
60 - 202 0 0
60 - 203 0 0
60 - 228 0 0
60 - 217 0 0
61 - 228 0 0
61 - 215 0 0
61 - 219 0 0
62 - 219 0 0
62 - 224 0 0
62 - 209 0 0
62 - 202 0 0
63 - 224 0 0
63 - 208 0 0
63 - 205 0 0
63 - 214 0 0
63 - 211 0 0
63 - 230 0 0
64 - 226 0 0
64 - 220 0 0
64 - 229 0 0
64 - 214 0 0
65 - 224 0 0
65 - 216 0 0
65 - 220 0 0
65 - 213 0 0
66 - 229 0 0
66 - 230 0 0
66 - 228 0 0
66 - 219 0 0
67 - 207 0 0
67 - 226 0 0
68 - 224 0 0
68 - 213 0 0
68 - 208 0 0
68 - 202 0 0
68 - 205 0 0
68 - 226 0 0
69 - 230 0 0
69 - 221 0 0
69 - 202 0 0
70 - 215 0 0
70 - 225 0 0
70 - 226 0 0
71 - 220 0 0
71 - 208 0 0
72 - 217 0 0
72 - 204 0 0
72 - 208 0 0
72 - 224 0 0
72 - 218 0 0
72 - 223 0 0
73 - 201 0 0
73 - 212 0 0
73 - 226 0 0
73 - 204 0 0
73 - 223 0 0
74 - 203 0 0
74 - 224 0 0
74 - 221 0 0
75 - 203 0 0
75 - 212 0 0
76 - 223 0 0
76 - 210 0 0
76 - 213 0 0
76 - 206 0 0
77 - 222 0 0
77 - 206 0 0
77 - 215 0 0
77 - 211 0 0
78 - 208 0 0
78 - 222 0 0
78 - 206 0 0
78 - 203 0 0
79 - 201 0 0
79 - 224 0 0
79 - 228 0 0
79 - 227 0 0
80 - 208 0 0
80 - 215 0 0
80 - 210 0 0
80 - 205 0 0
80 - 206 0 0
80 - 224 0 0
81 - 218 0 0
81 - 228 0 0
81 - 229 0 0
82 - 206 0 0
83 - 205 0 0
83 - 221 0 0
83 - 219 0 0
83 - 209 0 0
84 - 218 0 0
84 - 215 0 0
84 - 227 0 0
84 - 229 0 0
85 - 201 0 0
85 - 206 0 0
85 - 214 0 0
85 - 203 0 0
85 - 218 0 0
86 - 229 0 0
86 - 215 0 0
86 - 221 0 0
86 - 211 0 0
86 - 208 0 0
87 - 210 0 0
87 - 224 0 0
88 - 201 0 0
88 - 226 0 0
88 - 203 0 0
88 - 202 0 0
89 - 206 0 0
89 - 226 0 0
89 - 203 0 0
89 - 217 0 0
90 - 226 0 0
90 - 219 0 0
90 - 230 0 0
91 - 222 0 0
91 - 206 0 0
91 - 210 0 0
91 - 217 0 0
92 - 225 0 0
92 - 203 0 0
92 - 201 0 0
93 - 203 0 0
93 - 213 0 0
94 - 224 0 0
94 - 226 0 0
94 - 229 0 0
95 - 211 0 0
95 - 229 0 0
95 - 224 0 0
96 - 207 0 0
96 - 229 0 0
96 - 221 0 0
97 - 217 0 0
97 - 222 0 0
97 - 213 0 0
97 - 226 0 0
98 - 229 0 0
98 - 227 0 0
98 - 218 0 0
98 - 209 0 0
98 - 226 0 0
99 - 217 0 0
99 - 213 0 0
99 - 229 0 0
99 - 224 0 0
99 - 201 0 0
100 - 219 0 0
100 - 209 0 0
100 - 216 0 0
100 - 212 0 0
101 - 227 0 0
101 - 228 0 0
101 - 230 0 0
102 - 220 0 0
102 - 217 0 0
102 - 218 0 0
102 - 221 0 0
103 - 229 0 0
103 - 219 0 0
104 - 223 0 0
104 - 221 0 0
104 - 218 0 0
105 - 222 0 0
105 - 208 0 0
105 - 205 0 0
105 - 227 0 0
106 - 225 0 0
106 - 224 0 0
107 - 201 0 0
107 - 230 0 0
107 - 207 0 0
107 - 220 0 0
108 - 209 0 0
108 - 204 0 0
108 - 206 0 0
109 - 211 0 0
109 - 229 0 0
109 - 219 0 0
110 - 214 0 0
110 - 210 0 0
110 - 218 0 0
110 - 208 0 0
110 - 204 0 0
110 - 223 0 0
110 - 221 0 0
110 - 222 0 0
111 - 218 0 0
111 - 225 0 0
112 - 209 0 0
112 - 217 0 0
112 - 203 0 0
112 - 230 0 0
113 - 208 0 0
113 - 203 0 0
113 - 219 0 0
114 - 212 0 0
114 - 223 0 0
114 - 218 0 0
115 - 201 0 0
115 - 218 0 0
116 - 226 0 0
116 - 228 0 0
116 - 227 0 0
117 - 206 0 0
118 - 219 0 0
118 - 223 0 0
118 - 217 0 0
118 - 226 0 0
119 - 203 0 0
119 - 218 0 0
119 - 206 0 0
119 - 228 0 0
119 - 227 0 0
119 - 209 0 0
120 - 221 0 0
120 - 207 0 0
120 - 222 0 0
120 - 209 0 0
120 - 202 0 0
120 - 226 0 0
121 - 214 0 0
121 - 205 0 0
121 - 209 0 0
122 - 215 0 0
123 - 207 0 0
123 - 201 0 0
123 - 224 0 0
123 - 215 0 0
123 - 202 0 0
124 - 219 0 0
124 - 221 0 0
125 - 222 0 0
125 - 213 0 0
125 - 216 0 0
125 - 220 0 0
126 - 224 0 0
127 - 230 0 0
127 - 228 0 0
128 - 230 0 0
128 - 210 0 0
128 - 221 0 0
129 - 213 0 0
129 - 218 0 0
129 - 210 0 0
129 - 222 0 0
130 - 210 0 0
130 - 202 0 0
131 - 219 0 0
131 - 218 0 0
131 - 215 0 0
131 - 229 0 0
132 - 217 0 0
132 - 213 0 0
132 - 208 0 0
132 - 222 0 0
132 - 205 0 0
132 - 223 0 0
132 - 202 0 0
132 - 228 0 0
133 - 227 0 0
133 - 212 0 0
133 - 215 0 0
133 - 221 0 0
133 - 219 0 0
134 - 218 0 0
134 - 202 0 0
134 - 219 0 0
134 - 222 0 0
134 - 206 0 0
134 - 215 0 0
135 - 202 0 0
135 - 225 0 0
136 - 215 0 0
136 - 206 0 0
137 - 202 0 0
137 - 222 0 0
137 - 203 0 0
137 - 201 0 0
137 - 225 0 0
137 - 212 0 0
138 - 205 0 0
139 - 219 0 0
139 - 216 0 0
139 - 204 0 0
139 - 201 0 0
140 - 219 0 0
140 - 220 0 0
140 - 208 0 0
140 - 227 0 0
141 - 217 0 0
141 - 219 0 0
141 - 215 0 0
141 - 207 0 0
141 - 204 0 0
141 - 205 0 0
142 - 225 0 0
142 - 228 0 0
142 - 218 0 0
142 - 209 0 0
143 - 225 0 0
143 - 230 0 0
143 - 216 0 0
143 - 202 0 0
143 - 204 0 0
144 - 203 0 0
144 - 220 0 0
144 - 209 0 0
145 - 221 0 0
145 - 209 0 0
145 - 214 0 0
145 - 202 0 0
145 - 220 0 0
146 - 202 0 0
146 - 216 0 0
146 - 211 0 0
146 - 227 0 0
146 - 219 0 0
146 - 212 0 0
146 - 203 0 0
147 - 218 0 0
147 - 209 0 0
148 - 209 0 0
148 - 214 0 0
149 - 209 0 0
149 - 211 0 0
150 - 209 0 0
150 - 219 0 0
150 - 228 0 0
150 - 202 0 0
151 - 206 0 0
151 - 226 0 0
151 - 214 0 0
152 - 230 0 0
152 - 208 0 0
152 - 207 0 0
153 - 216 0 0
153 - 220 0 0
154 - 224 0 0
154 - 215 0 0
154 - 217 0 0
154 - 227 0 0
154 - 226 0 0
155 - 217 0 0
155 - 211 0 0
155 - 222 0 0
155 - 220 0 0
156 - 228 0 0
156 - 225 0 0
157 - 206 0 0
157 - 202 0 0
157 - 227 0 0
157 - 218 0 0
157 - 223 0 0
158 - 222 0 0
158 - 212 0 0
159 - 203 0 0
159 - 230 0 0
159 - 225 0 0
160 - 207 0 0
160 - 220 0 0
160 - 211 0 0
160 - 224 0 0
160 - 223 0 0
161 - 202 0 0
161 - 207 0 0
161 - 219 0 0
161 - 210 0 0
162 - 220 0 0
162 - 223 0 0
162 - 230 0 0
162 - 214 0 0
163 - 212 0 0
163 - 217 0 0
163 - 225 0 0
164 - 220 0 0
164 - 225 0 0
165 - 209 0 0
165 - 230 0 0
165 - 224 0 0
165 - 212 0 0
165 - 229 0 0
166 - 212 0 0
166 - 221 0 0
166 - 211 0 0
167 - 229 0 0
167 - 203 0 0
167 - 223 0 0
167 - 224 0 0
167 - 226 0 0
168 - 212 0 0
168 - 201 0 0
168 - 223 0 0
168 - 228 0 0
169 - 213 0 0
170 - 223 0 0
171 - 230 0 0
171 - 224 0 0
172 - 208 0 0
172 - 204 0 0
172 - 218 0 0
172 - 209 0 0
172 - 201 0 0
172 - 203 0 0
173 - 230 0 0
173 - 225 0 0
173 - 207 0 0
173 - 206 0 0
174 - 211 0 0
174 - 208 0 0
174 - 227 0 0
174 - 213 0 0
175 - 216 0 0
175 - 228 0 0
175 - 215 0 0
175 - 207 0 0
175 - 213 0 0
176 - 207 0 0
176 - 212 0 0
177 - 214 0 0
177 - 224 0 0
177 - 203 0 0
177 - 229 0 0
177 - 225 0 0
178 - 214 0 0
178 - 217 0 0
178 - 229 0 0
179 - 206 0 0
179 - 223 0 0
179 - 205 0 0
180 - 221 0 0
180 - 224 0 0
180 - 202 0 0
181 - 217 0 0
181 - 229 0 0
181 - 206 0 0
181 - 227 0 0
181 - 223 0 0
182 - 204 0 0
182 - 205 0 0
182 - 216 0 0
182 - 224 0 0
183 - 217 0 0
183 - 205 0 0
183 - 215 0 0
183 - 204 0 0
184 - 208 0 0
184 - 205 0 0
184 - 222 0 0
184 - 225 0 0
184 - 212 0 0
185 - 227 0 0
185 - 203 0 0
186 - 217 0 0
187 - 221 0 0
187 - 202 0 0
187 - 208 0 0
187 - 220 0 0
188 - 217 0 0
188 - 210 0 0
188 - 225 0 0
189 - 216 0 0
189 - 214 0 0
189 - 225 0 0
189 - 213 0 0
189 - 202 0 0
190 - 202 0 0
190 - 206 0 0
190 - 222 0 0
190 - 218 0 0
191 - 208 0 0
191 - 225 0 0
191 - 201 0 0
192 - 211 0 0
192 - 208 0 0
193 - 213 0 0
193 - 203 0 0
193 - 225 0 0
193 - 215 0 0
193 - 230 0 0
193 - 222 0 0
194 - 211 0 0
194 - 215 0 0
194 - 201 0 0
194 - 216 0 0
195 - 215 0 0
195 - 212 0 0
195 - 220 0 0
195 - 228 0 0
195 - 221 0 0
196 - 222 0 0
196 - 226 0 0
196 - 213 0 0
197 - 207 0 0
197 - 224 0 0
197 - 201 0 0
197 - 227 0 0
197 - 217 0 0
198 - 212 0 0
198 - 214 0 0
198 - 223 0 0
198 - 218 0 0
198 - 226 0 0
199 - 207 0 0
199 - 215 0 0
199 - 214 0 0
199 - 219 0 0
200 - 211 0 0
201 ~x 1002 0 0
201 ~x 1047 0 0
201 ~ 562 0 0
202 ~x 464 0 0
203 ~x 445 0 0
203 ~x 760 0 0
203 ~x 841 0 0
203 ~x 1050 0 0
204 x 1135 0 0
204 x 1199 0 0
204 ~ 1065 0 0
205 x 407 0 0
205 ~ 1024 0 0
205 x 362 0 0
205 x 383 0 0
205 ~x 812 0 0
206 ~x 1187 0 0
206 x 348 0 0
206 ~x 358 0 0
206 x 247 0 0
207 ~ 869 0 0
207 ~ 489 0 0
207 ~ 662 0 0
207 x 338 0 0
207 ~ 844 0 0
207 ~x 809 0 0
208 ~x 985 0 0
209 x 1178 0 0
209 ~x 526 0 0
210 ~ 854 0 0
210 x 661 0 0
210 ~x 801 0 0
210 x 1216 0 0
211 ~x 693 0 0
211 ~ 582 0 0
211 x 1153 0 0
212 ~x 1182 0 0
212 ~ 514 0 0
212 ~ 524 0 0
213 ~ 1177 0 0
213 ~ 476 0 0
213 x 244 0 0
214 ~x 879 0 0
214 x 418 0 0
214 ~x 479 0 0
214 x 336 0 0
215 ~ 1218 0 0
216 ~x 499 0 0
216 ~x 460 0 0
216 ~x 402 0 0
217 ~ 1065 0 0
217 ~x 278 0 0
218 x 1204 0 0
218 ~ 860 0 0
218 x 425 0 0
218 ~ 289 0 0
219 ~x 332 0 0
219 x 395 0 0
219 x 943 0 0
219 ~ 1018 0 0
219 ~x 911 0 0
219 ~x 875 0 0
220 x 668 0 0
221 x 560 0 0
221 ~ 946 0 0
221 ~x 1017 0 0
221 x 913 0 0
222 ~ 520 0 0
222 x 406 0 0
222 x 1223 0 0
222 x 1192 0 0
222 ~ 939 0 0
222 ~ 304 0 0
222 ~x 390 0 0
223 ~ 275 0 0
223 ~x 584 0 0
223 x 633 0 0
224 ~ 668 0 0
224 ~ 1144 0 0
224 ~x 577 0 0
224 x 309 0 0
224 ~ 1014 0 0
225 ~x 1200 0 0
225 ~x 671 0 0
225 x 984 0 0
225 x 934 0 0
225 ~ 1057 0 0
225 ~x 325 0 0
225 ~ 760 0 0
226 ~x 456 0 0
226 ~x 976 0 0
226 ~x 322 0 0
226 ~x 1219 0 0
227 x 1090 0 0
227 ~x 532 0 0
227 ~ 1119 0 0
228 x 644 0 0
229 x 394 0 0
229 x 826 0 0
229 ~x 410 0 0
230 ~x 360 0 0
230 x 1041 0 0
230 ~x 1150 0 0
230 ~ 754 0 0
231 - 238 1 1
231 - 275 1 1
231 - 944 1 1
238 - 321 1 1
238 - 732 1 1
238 - 656 1 1
238 - 888 1 1
275 - 389 1 1
275 - 524 1 1
275 - 522 1 1
944 - 311 1 1
944 - 851 1 1
944 - 1170 1 1
944 - 1175 1 1
321 - 256 1 1
321 - 1161 1 1
321 - 318 1 1
732 - 963 1 1
732 - 1227 1 1
732 - 462 1 1
732 - 1014 1 1
656 - 962 1 1
656 - 503 1 1
656 - 587 1 1
656 - 485 1 1
656 - 866 1 1
656 - 1222 1 1
888 - 344 1 1
389 - 1225 1 1
389 - 687 1 1
389 - 661 1 1
524 - 1118 1 1
524 - 688 1 1
522 - 808 1 1
311 - 1127 1 1
851 - 1091 1 1
851 - 1203 1 1
851 - 902 1 1
851 - 478 1 1
1170 - 904 1 1
1170 - 1054 1 1
1170 - 287 1 1
1175 - 663 1 1
1175 - 446 1 1
1175 - 520 1 1
256 - 813 1 1
256 - 1151 1 1
256 - 578 1 1
1161 - 892 1 1
1161 - 721 1 1
1161 - 723 1 1
1161 - 1111 1 1
318 - 450 1 1
318 - 798 1 1
963 - 1172 1 1
963 - 1026 1 1
963 - 674 1 1
963 - 1078 1 1
1227 - 662 1 1
1227 - 465 1 1
1227 - 529 1 1
462 - 600 1 1
1014 - 276 1 1
1014 - 572 1 1
1014 - 1191 1 1
1014 - 534 1 1
962 - 566 1 1
962 - 559 1 1
962 - 351 1 1
503 - 1095 1 1
503 - 738 1 1
503 - 431 1 1
503 - 956 1 1
503 - 459 1 1
587 - 261 1 1
587 - 633 1 1
587 - 340 1 1
485 - 964 1 1
485 - 766 1 1
485 - 1051 1 1
485 - 1049 1 1
485 - 983 1 1
485 - 785 1 1
485 - 678 1 1
866 - 1213 1 1
866 - 259 1 1
1222 - 996 1 1
1222 - 1105 1 1
344 - 909 1 1
344 - 335 1 1
1225 - 641 1 1
1225 - 711 1 1
1225 - 242 1 1
1225 - 602 1 1
687 - 619 1 1
687 - 932 1 1
687 - 922 1 1
687 - 1013 1 1
661 - 949 1 1
661 - 874 1 1
661 - 597 1 1
661 - 1062 1 1
661 - 1120 1 1
1118 - 621 1 1
1118 - 1038 1 1
688 - 863 1 1
688 - 293 1 1
688 - 505 1 1
688 - 608 1 1
808 - 752 1 1
808 - 847 1 1
808 - 865 1 1
1127 - 1169 1 1
1127 - 354 1 1
1127 - 1086 1 1
1091 - 558 1 1
1091 - 333 1 1
1091 - 299 1 1
1091 - 1050 1 1
1091 - 764 1 1
1091 - 422 1 1
1091 - 531 1 1
1203 - 870 1 1
1203 - 452 1 1
1203 - 651 1 1
1203 - 982 1 1
1203 - 289 1 1
1203 - 1031 1 1
1203 - 861 1 1
902 - 682 1 1
902 - 412 1 1
902 - 630 1 1
902 - 395 1 1
902 - 460 1 1
478 - 954 1 1
478 - 862 1 1
478 - 1146 1 1
478 - 883 1 1
478 - 1032 1 1
904 - 913 1 1
904 - 780 1 1
904 - 1001 1 1
904 - 567 1 1
1054 - 355 1 1
1054 - 468 1 1
1054 - 758 1 1
1054 - 368 1 1
287 - 498 1 1
287 - 664 1 1
663 - 803 1 1
663 - 564 1 1
663 - 635 1 1
663 - 1162 1 1
663 - 487 1 1
446 - 376 1 1
446 - 285 1 1
520 - 320 1 1
520 - 829 1 1
520 - 553 1 1
520 - 562 1 1
520 - 545 1 1
813 - 871 1 1
813 - 757 1 1
1151 - 357 1 1
1151 - 978 1 1
578 - 1102 1 1
578 - 997 1 1
578 - 669 1 1
578 - 392 1 1
578 - 378 1 1
892 - 1007 1 1
892 - 490 1 1
892 - 882 1 1
892 - 824 1 1
892 - 1081 1 1
892 - 926 1 1
721 - 509 1 1
721 - 244 1 1
721 - 373 1 1
723 - 806 1 1
723 - 1132 1 1
1111 - 1008 1 1
1111 - 294 1 1
450 - 1141 1 1
450 - 751 1 1
450 - 283 1 1
798 - 966 1 1
798 - 839 1 1
1172 - 336 1 1
1026 - 456 1 1
1026 - 367 1 1
1026 - 838 1 1
1026 - 952 1 1
1026 - 1117 1 1
674 - 1023 1 1
674 - 668 1 1
674 - 867 1 1
674 - 424 1 1
674 - 811 1 1
1078 - 1121 1 1
1078 - 985 1 1
1078 - 337 1 1
1078 - 920 1 1
1078 - 265 1 1
662 - 252 1 1
662 - 794 1 1
662 - 606 1 1
662 - 363 1 1
662 - 836 1 1
465 - 327 1 1
465 - 1219 1 1
465 - 295 1 1
465 - 1196 1 1
529 - 549 1 1
529 - 521 1 1
529 - 955 1 1
529 - 993 1 1
600 - 595 1 1
600 - 672 1 1
276 - 1082 1 1
276 - 891 1 1
572 - 1048 1 1
1191 - 266 1 1
1191 - 1137 1 1
1191 - 526 1 1
534 - 1131 1 1
566 - 300 1 1
566 - 972 1 1
566 - 848 1 1
559 - 969 1 1
559 - 753 1 1
559 - 716 1 1
351 - 703 1 1
351 - 414 1 1
351 - 361 1 1
1095 - 334 1 1
1095 - 365 1 1
1095 - 1028 1 1
1095 - 303 1 1
738 - 533 1 1
738 - 805 1 1
738 - 413 1 1
738 - 1139 1 1
431 - 596 1 1
431 - 396 1 1
431 - 455 1 1
431 - 551 1 1
431 - 394 1 1
956 - 924 1 1
956 - 833 1 1
956 - 268 1 1
956 - 832 1 1
956 - 695 1 1
459 - 1193 1 1
459 - 914 1 1
459 - 348 1 1
459 - 1073 1 1
459 - 713 1 1
459 - 385 1 1
459 - 589 1 1
261 - 475 1 1
261 - 382 1 1
261 - 988 1 1
261 - 1104 1 1
261 - 645 1 1
633 - 828 1 1
633 - 1122 1 1
633 - 579 1 1
633 - 388 1 1
340 - 938 1 1
964 - 1138 1 1
964 - 569 1 1
964 - 822 1 1
766 - 846 1 1
766 - 1204 1 1
766 - 762 1 1
766 - 943 1 1
1051 - 546 1 1
1049 - 315 1 1
1049 - 946 1 1
1049 - 1199 1 1
1049 - 770 1 1
1049 - 358 1 1
983 - 458 1 1
983 - 563 1 1
785 - 418 1 1
785 - 679 1 1
785 - 725 1 1
785 - 248 1 1
785 - 1174 1 1
785 - 243 1 1
678 - 260 1 1
678 - 950 1 1
678 - 1212 1 1
678 - 778 1 1
678 - 886 1 1
1213 - 1083 1 1
1213 - 1058 1 1
1213 - 879 1 1
259 - 555 1 1
259 - 999 1 1
259 - 660 1 1
259 - 236 1 1
996 - 658 1 1
996 - 1061 1 1
996 - 637 1 1
996 - 769 1 1
1105 - 854 1 1
1105 - 510 1 1
1105 - 1040 1 1
1105 - 632 1 1
1105 - 1154 1 1
1105 - 742 1 1
909 - 1055 1 1
909 - 998 1 1
909 - 393 1 1
909 - 319 1 1
335 - 417 1 1
641 - 800 1 1
641 - 1060 1 1
641 - 875 1 1
641 - 233 1 1
711 - 362 1 1
711 - 994 1 1
242 - 1076 1 1
242 - 573 1 1
242 - 1200 1 1
602 - 740 1 1
602 - 748 1 1
602 - 801 1 1
619 - 768 1 1
619 - 435 1 1
619 - 765 1 1
932 - 655 1 1
932 - 698 1 1
922 - 1063 1 1
922 - 1010 1 1
922 - 528 1 1
922 - 616 1 1
1013 - 628 1 1
1013 - 1171 1 1
1013 - 1189 1 1
1013 - 650 1 1
949 - 449 1 1
949 - 593 1 1
949 - 1025 1 1
949 - 1107 1 1
874 - 939 1 1
874 - 255 1 1
874 - 271 1 1
597 - 1149 1 1
597 - 788 1 1
597 - 611 1 1
597 - 544 1 1
597 - 493 1 1
597 - 884 1 1
1062 - 241 1 1
1062 - 763 1 1
1120 - 918 1 1
621 - 404 1 1
621 - 1045 1 1
621 - 690 1 1
621 - 1158 1 1
1038 - 841 1 1
1038 - 1183 1 1
1038 - 1100 1 1
863 - 477 1 1
863 - 235 1 1
293 - 1002 1 1
293 - 495 1 1
293 - 975 1 1
293 - 820 1 1
505 - 1157 1 1
505 - 1140 1 1
505 - 399 1 1
608 - 659 1 1
608 - 796 1 1
608 - 885 1 1
608 - 852 1 1
752 - 1182 1 1
752 - 461 1 1
847 - 517 1 1
847 - 280 1 1
847 - 654 1 1
847 - 976 1 1
865 - 1185 1 1
865 - 961 1 1
1169 - 430 1 1
1169 - 603 1 1
1169 - 525 1 1
1169 - 858 1 1
354 - 504 1 1
354 - 384 1 1
1086 - 755 1 1
1086 - 919 1 1
1086 - 717 1 1
1086 - 556 1 1
558 - 441 1 1
333 - 771 1 1
333 - 646 1 1
333 - 398 1 1
299 - 741 1 1
299 - 1056 1 1
1050 - 432 1 1
1050 - 853 1 1
764 - 605 1 1
764 - 609 1 1
764 - 407 1 1
764 - 410 1 1
764 - 492 1 1
764 - 258 1 1
764 - 965 1 1
422 - 516 1 1
422 - 747 1 1
422 - 1142 1 1
531 - 542 1 1
531 - 901 1 1
870 - 743 1 1
870 - 267 1 1
870 - 1112 1 1
870 - 613 1 1
870 - 297 1 1
452 - 815 1 1
452 - 584 1 1
452 - 857 1 1
452 - 749 1 1
452 - 783 1 1
452 - 481 1 1
651 - 369 1 1
651 - 240 1 1
651 - 576 1 1
651 - 1177 1 1
651 - 1030 1 1
651 - 1022 1 1
651 - 343 1 1
982 - 381 1 1
982 - 911 1 1
982 - 777 1 1
982 - 1156 1 1
982 - 1072 1 1
982 - 850 1 1
982 - 1006 1 1
289 - 1093 1 1
289 - 907 1 1
289 - 433 1 1
1031 - 809 1 1
1031 - 734 1 1
1031 - 1153 1 1
861 - 312 1 1
861 - 1024 1 1
861 - 612 1 1
682 - 624 1 1
682 - 802 1 1
682 - 270 1 1
412 - 1167 1 1
412 - 1089 1 1
630 - 1071 1 1
630 - 577 1 1
395 - 1057 1 1
395 - 1224 1 1
395 - 391 1 1
460 - 346 1 1
460 - 1036 1 1
460 - 615 1 1
460 - 480 1 1
954 - 1164 1 1
954 - 1210 1 1
954 - 350 1 1
954 - 1143 1 1
954 - 930 1 1
954 - 592 1 1
954 - 366 1 1
862 - 440 1 1
1146 - 835 1 1
883 - 677 1 1
883 - 246 1 1
883 - 756 1 1
1032 - 290 1 1
1032 - 831 1 1
913 - 1223 1 1
913 - 467 1 1
913 - 620 1 1
780 - 877 1 1
780 - 746 1 1
1001 - 607 1 1
1001 - 900 1 1
1001 - 425 1 1
1001 - 547 1 1
1001 - 1187 1 1
567 - 1207 1 1
567 - 324 1 1
567 - 234 1 1
355 - 890 1 1
355 - 1163 1 1
355 - 541 1 1
355 - 604 1 1
468 - 712 1 1
468 - 707 1 1
468 - 409 1 1
468 - 953 1 1
468 - 910 1 1
758 - 722 1 1
758 - 995 1 1
758 - 730 1 1
758 - 583 1 1
368 - 575 1 1
368 - 588 1 1
498 - 1019 1 1
498 - 488 1 1
498 - 673 1 1
498 - 264 1 1
498 - 513 1 1
498 - 535 1 1
664 - 652 1 1
803 - 925 1 1
803 - 416 1 1
564 - 353 1 1
564 - 896 1 1
564 - 386 1 1
564 - 984 1 1
564 - 302 1 1
635 - 372 1 1
635 - 692 1 1
635 - 1029 1 1
1162 - 614 1 1
1162 - 470 1 1
1162 - 636 1 1
487 - 974 1 1
487 - 494 1 1
487 - 339 1 1
487 - 585 1 1
487 - 1195 1 1
487 - 345 1 1
376 - 309 1 1
376 - 245 1 1
376 - 1103 1 1
376 - 581 1 1
376 - 855 1 1
285 - 1109 1 1
285 - 543 1 1
320 - 728 1 1
320 - 893 1 1
320 - 1041 1 1
320 - 476 1 1
829 - 1136 1 1
829 - 405 1 1
829 - 306 1 1
829 - 514 1 1
829 - 434 1 1
553 - 570 1 1
553 - 387 1 1
553 - 685 1 1
553 - 701 1 1
553 - 332 1 1
562 - 869 1 1
562 - 793 1 1
545 - 772 1 1
545 - 745 1 1
545 - 471 1 1
871 - 767 1 1
757 - 618 1 1
757 - 496 1 1
757 - 371 1 1
757 - 1133 1 1
757 - 370 1 1
757 - 419 1 1
357 - 727 1 1
357 - 262 1 1
357 - 307 1 1
357 - 1079 1 1
978 - 696 1 1
978 - 898 1 1
1102 - 889 1 1
1102 - 408 1 1
1102 - 1099 1 1
1102 - 594 1 1
1102 - 1110 1 1
1102 - 1226 1 1
997 - 683 1 1
997 - 708 1 1
997 - 981 1 1
997 - 693 1 1
997 - 936 1 1
997 - 781 1 1
669 - 308 1 1
669 - 501 1 1
392 - 840 1 1
392 - 1034 1 1
392 - 1016 1 1
392 - 352 1 1
378 - 1119 1 1
378 - 472 1 1
378 - 697 1 1
378 - 539 1 1
1007 - 1202 1 1
1007 - 934 1 1
490 - 843 1 1
490 - 1129 1 1
490 - 1084 1 1
882 - 759 1 1
882 - 1178 1 1
882 - 804 1 1
882 - 447 1 1
824 - 1214 1 1
824 - 269 1 1
824 - 971 1 1
824 - 737 1 1
1081 - 1077 1 1
1081 - 844 1 1
1081 - 296 1 1
1081 - 500 1 1
1081 - 631 1 1
926 - 640 1 1
926 - 928 1 1
926 - 987 1 1
926 - 1106 1 1
509 - 761 1 1
509 - 733 1 1
509 - 598 1 1
244 - 774 1 1
244 - 1005 1 1
244 - 940 1 1
244 - 1043 1 1
244 - 958 1 1
244 - 819 1 1
244 - 1197 1 1
373 - 301 1 1
373 - 568 1 1
373 - 779 1 1
373 - 330 1 1
806 - 1216 1 1
806 - 298 1 1
806 - 402 1 1
806 - 571 1 1
806 - 364 1 1
1132 - 277 1 1
1132 - 821 1 1
1008 - 968 1 1
294 - 1220 1 1
294 - 426 1 1
1141 - 1011 1 1
1141 - 400 1 1
1141 - 959 1 1
1141 - 497 1 1
1141 - 316 1 1
1141 - 331 1 1
1141 - 816 1 1
751 - 1168 1 1
751 - 744 1 1
751 - 279 1 1
751 - 548 1 1
283 - 873 1 1
283 - 314 1 1
283 - 532 1 1
966 - 1012 1 1
966 - 1165 1 1
966 - 1098 1 1
839 - 281 1 1
839 - 675 1 1
839 - 1067 1 1
839 - 776 1 1
336 - 286 1 1
336 - 927 1 1
336 - 1094 1 1
336 - 537 1 1
336 - 1096 1 1
336 - 649 1 1
456 - 903 1 1
456 - 720 1 1
456 - 1190 1 1
456 - 617 1 1
367 - 724 1 1
838 - 714 1 1
838 - 825 1 1
838 - 1147 1 1
838 - 1004 1 1
838 - 665 1 1
952 - 686 1 1
1117 - 878 1 1
1117 - 1125 1 1
1117 - 830 1 1
1023 - 823 1 1
1023 - 1166 1 1
1023 - 834 1 1
1023 - 933 1 1
1023 - 1228 1 1
1023 - 1009 1 1
1023 - 310 1 1
668 - 1230 1 1
668 - 1192 1 1
668 - 797 1 1
668 - 356 1 1
668 - 448 1 1
668 - 411 1 1
668 - 709 1 1
867 - 347 1 1
867 - 288 1 1
867 - 1160 1 1
867 - 945 1 1
867 - 921 1 1
867 - 489 1 1
867 - 1021 1 1
424 - 1186 1 1
424 - 1027 1 1
424 - 1047 1 1
424 - 599 1 1
424 - 1037 1 1
424 - 349 1 1
424 - 401 1 1
424 - 438 1 1
811 - 247 1 1
811 - 1114 1 1
811 - 887 1 1
1121 - 667 1 1
1121 - 689 1 1
1121 - 360 1 1
1121 - 694 1 1
985 - 1064 1 1
337 - 282 1 1
337 - 736 1 1
920 - 511 1 1
920 - 557 1 1
265 - 647 1 1
265 - 1046 1 1
252 - 782 1 1
252 - 992 1 1
794 - 676 1 1
606 - 403 1 1
606 - 523 1 1
606 - 1087 1 1
363 - 406 1 1
363 - 284 1 1
836 - 1179 1 1
836 - 731 1 1
836 - 508 1 1
836 - 760 1 1
327 - 1144 1 1
327 - 905 1 1
327 - 814 1 1
327 - 626 1 1
327 - 464 1 1
1219 - 444 1 1
1219 - 706 1 1
1219 - 582 1 1
1219 - 254 1 1
295 - 719 1 1
295 - 232 1 1
1196 - 790 1 1
1196 - 702 1 1
1196 - 827 1 1
1196 - 338 1 1
549 - 726 1 1
549 - 397 1 1
549 - 826 1 1
549 - 629 1 1
549 - 648 1 1
549 - 292 1 1
549 - 810 1 1
521 - 445 1 1
521 - 957 1 1
521 - 812 1 1
521 - 1113 1 1
521 - 536 1 1
955 - 474 1 1
955 - 305 1 1
955 - 591 1 1
993 - 935 1 1
993 - 845 1 1
993 - 1221 1 1
993 - 775 1 1
595 - 443 1 1
595 - 1000 1 1
595 - 1090 1 1
672 - 377 1 1
672 - 960 1 1
672 - 552 1 1
1082 - 250 1 1
1082 - 973 1 1
1082 - 792 1 1
891 - 1201 1 1
891 - 623 1 1
891 - 329 1 1
891 - 773 1 1
1048 - 1108 1 1
1048 - 274 1 1
1048 - 931 1 1
1048 - 1159 1 1
266 - 1097 1 1
266 - 1080 1 1
266 - 979 1 1
266 - 1053 1 1
1137 - 429 1 1
1137 - 929 1 1
526 - 1020 1 1
526 - 499 1 1
526 - 622 1 1
526 - 1017 1 1
1131 - 304 1 1
1131 - 538 1 1
1131 - 691 1 1
300 - 565 1 1
300 - 601 1 1
972 - 818 1 1
972 - 897 1 1
848 - 970 1 1
848 - 574 1 1
848 - 859 1 1
848 - 325 1 1
848 - 1116 1 1
848 - 881 1 1
848 - 1035 1 1
969 - 253 1 1
969 - 1155 1 1
969 - 483 1 1
969 - 326 1 1
969 - 379 1 1
969 - 750 1 1
969 - 512 1 1
753 - 423 1 1
753 - 1173 1 1
753 - 1092 1 1
753 - 710 1 1
753 - 469 1 1
716 - 428 1 1
716 - 644 1 1
716 - 864 1 1
703 - 237 1 1
703 - 856 1 1
703 - 1194 1 1
414 - 1215 1 1
414 - 941 1 1
361 - 1018 1 1
361 - 915 1 1
361 - 1044 1 1
361 - 550 1 1
361 - 1115 1 1
361 - 643 1 1
361 - 735 1 1
334 - 341 1 1
334 - 590 1 1
334 - 1208 1 1
365 - 421 1 1
365 - 272 1 1
1028 - 420 1 1
1028 - 899 1 1
1028 - 1145 1 1
1028 - 560 1 1
303 - 1075 1 1
303 - 860 1 1
303 - 986 1 1
533 - 657 1 1
533 - 991 1 1
533 - 1134 1 1
805 - 990 1 1
413 - 653 1 1
1139 - 670 1 1
1139 - 967 1 1
1139 - 554 1 1
1139 - 1015 1 1
1139 - 1135 1 1
596 - 1003 1 1
596 - 1188 1 1
596 - 463 1 1
596 - 1176 1 1
596 - 787 1 1
396 - 1042 1 1
396 - 1184 1 1
396 - 518 1 1
396 - 872 1 1
455 - 484 1 1
455 - 453 1 1
455 - 876 1 1
455 - 466 1 1
455 - 895 1 1
455 - 627 1 1
551 - 1152 1 1
551 - 947 1 1
551 - 638 1 1
551 - 436 1 1
551 - 1209 1 1
394 - 977 1 1
394 - 880 1 1
924 - 1126 1 1
924 - 1074 1 1
924 - 948 1 1
833 - 715 1 1
833 - 842 1 1
833 - 1130 1 1
268 - 917 1 1
268 - 923 1 1
268 - 704 1 1
832 - 515 1 1
832 - 454 1 1
832 - 1128 1 1
832 - 795 1 1
695 - 580 1 1
695 - 791 1 1
1193 - 251 1 1
1193 - 807 1 1
1193 - 415 1 1
1193 - 837 1 1
914 - 951 1 1
914 - 451 1 1
914 - 1059 1 1
914 - 239 1 1
914 - 482 1 1
348 - 507 1 1
348 - 1069 1 1
1073 - 1218 1 1
1073 - 527 1 1
1073 - 980 1 1
1073 - 1150 1 1
713 - 906 1 1
713 - 1033 1 1
713 - 437 1 1
385 - 1211 1 1
385 - 671 1 1
385 - 427 1 1
385 - 1205 1 1
589 - 540 1 1
589 - 1198 1 1
589 - 639 1 1
475 - 1181 1 1
475 - 789 1 1
475 - 439 1 1
475 - 700 1 1
382 - 380 1 1
382 - 1124 1 1
988 - 486 1 1
988 - 359 1 1
988 - 894 1 1
988 - 519 1 1
988 - 328 1 1
1104 - 1206 1 1
1104 - 457 1 1
1104 - 699 1 1
645 - 313 1 1
645 - 1039 1 1
645 - 868 1 1
645 - 1229 1 1
828 - 739 1 1
828 - 1123 1 1
1122 - 1066 1 1
579 - 817 1 1
579 - 586 1 1
388 - 912 1 1
388 - 390 1 1
938 - 642 1 1
938 - 1148 1 1
938 - 625 1 1
1138 - 754 1 1
1138 - 530 1 1
1138 - 479 1 1
569 - 1180 1 1
569 - 680 1 1
822 - 634 1 1
822 - 473 1 1
822 - 502 1 1
822 - 249 1 1
822 - 1217 1 1
822 - 278 1 1
822 - 784 1 1
846 - 1085 1 1
846 - 937 1 1
846 - 375 1 1
1204 - 561 1 1
762 - 729 1 1
762 - 908 1 1
943 - 1088 1 1
943 - 322 1 1
943 - 610 1 1
546 - 374 1 1
546 - 257 1 1
546 - 681 1 1
546 - 684 1 1
546 - 666 1 1
315 - 1052 1 1
315 - 342 1 1
315 - 263 1 1
946 - 1101 1 1
946 - 799 1 1
946 - 989 1 1
946 - 916 1 1
1199 - 849 1 1
1199 - 442 1 1
770 - 291 1 1
770 - 273 1 1
358 - 705 1 1
358 - 317 1 1
358 - 942 1 1
358 - 383 1 1
458 - 506 1 1
458 - 1065 1 1
458 - 323 1 1
458 - 786 1 1
458 - 718 1 1
563 - 1070 1 1
563 - 1068 1 1
563 - 491 1 1